1024,
1280,
640,
1152,
1152,
1600,
1280,
640,
832,
1280,
1280,
1600,
1600,
1280,
2048,
2048,
1600,
2048,
2048,
2272,
2272,
2592,
2592,
1024,
1280,
2048,
2272,
2592,
2816,
3072,
3072,
3072,
1024,
1600,
2592,
3072,
3264,
3648,
4000,
2048,
2816,
3072,
3264,
2048,
2272,
2272,
2592,
3072,
2464,
3504,
3888,
3504,
4064,
4992,
5616,
3504,
3504,
3072,
3504,
3456,
3888,
3888,
4368,
2160,
3072,
2048,
2272,
2272,
2592,
3072,
3648,
4000,
3264,
1536,
1856,
1600,
1600,
1600,
2048,
2048,
1600,
2048,
2592,
2048,
1600,
1600,
2816,
2272,
2272,
2272,
2272,
2592,
2592,
3264,
2592,
3072,
3264,
2272,
2048,
3072,
2048,
2592,
2048,
2592,
2272,
3072,
2592,
2592,
2592,
3072,
3072,
2816,
2816,
2816,
3072,
3072,
3264,
3264,
3648,
4000,
3264,
3072,
2560,
2816,
3072,
2048,
1600,
2048,
2560,
2816,
2816,
3264,
3072,
3264,
2560,
3648,
3648,
3648,
2816,
3072,
4000,
2048,
2048,
2304,
2304,
2560,
2560,
2560,
2560,
2560,
2816,
3072,
3072,
3072,
3072,
3072,
3072,
3264,
1280,
1600,
1600,
1600,
1600,
1600,
1600,
1600,
2048,
640,
2048,
2048,
2240,
1280,
1280,
2560,
640,
1280,
640,
1280,
2048,
2304,
2304,
2304,
2560,
2816,
2816,
3040,
2560,
1600,
1600,
2560,
2048,
2048,
640,
640,
1024,
1152,
1280,
1280,
2048,
2304,
2304,
3008,
2400,
2400,
1280,
1280,
1280,
1600,
1600,
1600,
1600,
1600,
1600,
2048,
2400,
2400,
2832,
2832,
1280,
2016,
1600,
1600,
1600,
1600,
2048,
2048,
2816,
2016,
2272,
2304,
2592,
2303,
2592,
2848,
2848,
3296,
3296,
3488,
3488,
2304,
2592,
4048,
3488,
2848,
2848,
2848,
2848,
2848,
2304,
2304,
3296,
2816,
2816,
2304,
2592,
2592,
2816,
3264,
4000,
2832,
4048,
2816,
2832,
2832,
4048,
3488,
2832,
2832,
2048,
2272,
2816,
2272,
2592,
3072,
2848,
2832,
2832,
4048,
3264,
3488,
3488,
2592,
2592,
3072,
2592,
2592,
4256,
1280,
1280,
1280,
1280,
1800,
1800,
2400,
1280,
1280,
1280,
3040,
4256,
4256,
4256,
1632,
2048,
1632,
1636,
2048,
2048,
2080,
2272,
2272,
2608,
2608,
1152,
1152,
1280,
1152,
1600,
1600,
1600,
1600,
2560,
2560,
2576,
2320,
2320,
2080,
2320,
2576,
2576,
2576,
2576,
2800,
2800,
2848,
3264,
2320,
2320,
2608,
2864,
2864,
2864,
3096,
2592,
2592,
3112,
3296,
3298,
2032,
2032,
2096,
2336,
2336,
2576,
2690,
2304,
2572,
2576,
2848,
2848,
2848,
2832,
3072,
3072,
3264,
1632,
1632,
2080,
1632,
1632,
2032,
0,
2096,
2032,
2408,
2560,
1152,
1152,
1152,
1152,
1152,
1280,
1536,
1536,
1760,
1792,
1152,
1760,
1760,
2160,
1760,
4536,
1520,
2008,
1524,
3060,
1728,
3040,
1728,
1728,
3040,
1728,
3032,
4500,
4500,
1280,
1800,
1800,
2160,
2160,
2160,
2580,
2448,
2032,
2304,
2304,
2304,
2576,
2872,
2304,
1752,
2448,
2041,
2304,
2569,
2592,
3056,
3296,
3264,
3280,
640,
3072,
2592,
3264,
3648,
2569,
2569,
2569,
2832,
3072,
3264,
4000,
2848,
2848,
2304,
3072,
3072,
2576,
2576,
2576,
2872,
3264,
2048,
2048,
2048,
2304,
2272,
2272,
2048,
2048,
2048,
2048,
2272,
2560,
2560,
2048,
2272,
2816,
1280,
2240,
2560,
3136,
2400,
1280,
3840,
4224,
3936,
3648,
512,
1632,
1600,
1600,
1600,
640,
2048,
2048,
2048,
2048,
2288,
2272,
2272,
2272,
2288,
2288,
2560,
2592,
2592,
2592,
2560,
2592,
1024,
1600,
3072,
1600,
3072,
1600,
3264,
3264,
2048,
3264,
2048,
1280,
1280,
1600,
2048,
2048,
2816,
2560,
2816,
3072,
3072,
3264,
2816,
2592,
2272,
3072,
2816,
3264,
2592,
3264,
3264,
3264,
3648,
4000,
2592,
2816,
2592,
3072,
2816,
2816,
2816,
3072,
3072,
3072,
3264,
3264,
3264,
2816,
3072,
2816,
2016,
2000,
3008,
2000,
3008,
3872,
2464,
2464,
4288,
4288,
4256,
4288,
3008,
3872,
3008,
3008,
3008,
3872,
1280,
1280,
1600,
1280,
1600,
1600,
1600,
1600,
1600,
1600,
1600,
1712,
2048,
1984,
2048,
2048,
2048,
2288,
2272,
2272,
2560,
2560,
2592,
2560,
2592,
2816,
3072,
1600,
3072,
1984,
2048,
2048,
2288,
2288,
2288,
3264,
640,
1024,
1280,
1280,
1280,
1600,
2048,
1280,
2288,
2592,
1280,
1280,
1600,
1024,
1600,
2048,
2048,
2288,
2048,
2288,
2560,
1280,
1280,
2560,
2560,
2240,
1368,
2560,
3648,
3264,
3136,
3648,
3648,
3264,
3648,
2272,
2560,
2560,
2816,
2592,
2816,
2560,
2816,
2816,
2816,
2816,
3072,
3072,
3072,
3264,
3072,
3264,
3072,
4000,
2560,
2048,
2272,
3072,
3072,
3264,
2816,
3072,
3072,
3264,
2816,
3648,
4000,
2272,
2560,
2816,
3072,
3072,
3072,
3072,
3072,
3072,
3072,
3072,
3072,
3072,
3264,
3264,
3264,
3248,
2272,
2560,
1600,
2816,
3072,
2048,
2816,
4000,
3072,
2304,
2816,
3072,
3264,
2304,
3072,
3264,
2560,
2560,
2816,
1600,
2304,
3264,
1600,
2560,
2016,
3264,
2304,
2560,
3648,
2816,
3072,
3136,
3648,
2560,
1600,
2048,
2240,
2304,
2240,
2048,
2304,
2560,
2304,
2560,
2816,
3072,
3840,
4224,
2304,
2560,
2560,
2816,
3072,
3072,
2560,
2816,
3072,
1280,
1600,
1600,
3008,
3008,
3008,
3008,
3008,
3008,
3008,
3872,
3008,
1600,
2048,
2048,
2048,
2048,
2048,
2048,
2048,
2240,
2240,
2288,
2288,
2560,
2592,
2592,
2848,
3056,
3264,
3648,
3648,
2816,
2816,
3072,
3264,
2816,
3072,
3072,
3264,
2304,
2048,
3648,
2048,
2304,
2304,
2304,
2304,
2560,
2560,
2560,
2560,
2560,
2816,
2816,
3072,
2560,
2560,
2816,
3072,
3072,
2816,
3072,
3072,
2560,
2816,
2560,
3264,
3264,
2560,
2560,
2560,
2560,
2816,
2816,
3072,
3072,
3264,
2560,
2816,
2048,
3264,
3648,
3264,
1792,
1280,
1792,
1792,
1600,
2048,
2048,
2048,
2272,
2048,
2592,
2592,
2592,
1280,
1600,
1600,
1600,
2048,
2048,
2048,
2048,
2272,
2272,
2592,
2272,
3872,
3008,
3008,
2595,
2816,
3072,
3072,
3264,
3264,
3072,
3072,
3264,
3072,
3072,
3264,
3648,
3648,
3648,
4000,
3072,
3072,
3264,
3264,
3648,
3648,
2816,
3072,
3264,
3264,
3264,
2048,
2272,
2272,
2272,
2592,
2592,
2816,
3072,
3264,
2288,
2048,
2048,
2048,
2288,
1600,
1024,
1280,
2640,
2268,
2640,
2268,
1024,
1600,
1600,
1600,
2048,
2048,
2272,
2592,
1344,
1344,
1600,
1856,
1600,
1856,
2560,
2560,
3264,
2592,
2816,
2592,
2816,
3264,
3072,
3264,
3264,
2304,
2592,
2592,
3264,
3264,
2048,
2592,
2592,
3072,
1600,
1216,
3072,
1920,
1280,
1600,
2048,
2272,
2048,
1600,
1600,
2048,
2048,
2048,
2048,
2272,
2048,
2272,
2592,
2592,
3888,
1280,
2304,
1600,
2304,
2816,
3072,
2048,
3072,
2048,
3264,
2272,
2304,
2592,
3072,
3264,
2592,
3264,
3264,
2592,
3072,
2592,
2592,
3072,
2592,
2816,
1280,
1632,
1632,
1632,
1632,
1632,
2592,
3072,
2592,
3264,
4000,
2816,
3072,
2592,
2816,
3072,
3072,
3072,
3072,
3254,
3872,
4272,
1280,
1600,
640,
640,
640,
1024,
1024,
1280,
1280,
1280,
1280,
1472,
1600,
1600,
2048,
2048,
2400,
2560,
1280,
1280,
1600,
1729,
1280,
1600,
1600,
1792,
1792,
2048,
2048,
2048,
2400,
1600