640,
640,
0,
640,
640,
640,
640,
0,
640,
1024,
1024,
1024,
1024,
1024,
1600,
1600,
1024,
1600,
1600,
1600,
1600,
2048,
2048,
512,
640,
1600,
1600,
2048,
2272,
2592,
2592,
2592,
512,
1024,
2592,
3072,
2592,
2816,
3264,
1600,
2272,
2592,
2592,
1600,
1600,
1600,
2048,
2048,
1232,
3104,
3456,
3104,
2032,
3600,
4992,
2544,
2544,
2048,
2544,
2496,
2816,
2816,
3168,
1440,
2048,
1024,
1600,
1600,
1600,
2592,
2816,
3264,
2272,
768,
1024,
1280,
640,
1024,
1600,
1024,
1024,
1600,
2048,
1600,
1024,
1024,
2272,
1600,
1600,
1600,
1600,
1600,
2048,
2272,
1600,
2592,
2592,
1600,
1600,
2592,
1600,
2048,
1600,
2048,
1600,
2592,
2048,
2048,
2048,
2592,
2592,
2272,
2272,
2272,
2592,
2592,
2272,
2592,
2816,
3264,
2592,
2592,
2048,
2048,
2304,
1600,
1280,
1600,
2304,
2304,
2304,
2816,
2560,
2816,
2304,
2560,
2560,
2560,
2304,
2560,
3264,
1600,
1600,
1600,
1600,
2304,
2048,
2304,
2048,
2048,
2304,
2560,
2560,
2560,
2304,
2560,
2560,
2816,
640,
800,
800,
800,
800,
800,
800,
800,
1024,
320,
1024,
1024,
1600,
640,
640,
1600,
0,
640,
0,
640,
1600,
2240,
2240,
2240,
2048,
2048,
2048,
0,
1600,
640,
640,
1600,
640,
1600,
320,
320,
640,
640,
640,
640,
1600,
1600,
1600,
2240,
1280,
1600,
640,
640,
640,
1280,
1280,
1280,
1280,
1280,
1280,
1600,
1600,
1600,
2048,
2048,
640,
1600,
1280,
1280,
1280,
1280,
1600,
1600,
2048,
1600,
1600,
2048,
2048,
1600,
2048,
2048,
2048,
2304,
2304,
2048,
2592,
1600,
2048,
2048,
2592,
2048,
2048,
2048,
2048,
2048,
1600,
1600,
2304,
2048,
2048,
1600,
2048,
2048,
2048,
2304,
2848,
2048,
2848,
2048,
2048,
2048,
2848,
2592,
2048,
2016,
1600,
1600,
2048,
1600,
2048,
2304,
2048,
2048,
2048,
2848,
2304,
2592,
2592,
2048,
2048,
2304,
2048,
2048,
3024,
640,
640,
640,
640,
1280,
1280,
1280,
640,
640,
640,
2340,
3024,
3024,
3024,
640,
640,
640,
640,
640,
640,
0,
1136,
1136,
1296,
1296,
576,
640,
640,
576,
640,
640,
800,
800,
2048,
2048,
0,
1600,
1600,
1280,
1280,
2048,
2080,
0,
2048,
2288,
2288,
0,
0,
1280,
1280,
1296,
2592,
2592,
2592,
0,
2048,
2048,
0,
2592,
0,
1024,
1024,
0,
2313,
2304,
0,
2569,
2048,
2048,
2048,
2048,
2304,
2304,
2304,
2304,
2592,
2560,
0,
0,
0,
0,
0,
0,
0,
0,
0,
0,
0,
640,
640,
640,
640,
640,
640,
768,
768,
896,
1440,
576,
896,
896,
1800,
896,
3024,
0,
0,
0,
0,
0,
0,
0,
0,
0,
0,
0,
3000,
3000,
0,
900,
900,
0,
1800,
1800,
0,
2160,
0,
0,
0,
2048,
2576,
0,
0,
876,
2160,
0,
0,
0,
2288,
2592,
2592,
2592,
0,
0,
2592,
2048,
2560,
2560,
2576,
2576,
2576,
2304,
2576,
2560,
2832,
2304,
2304,
0,
2592,
2592,
2304,
2304,
2576,
2856,
2592,
1024,
1024,
1600,
1600,
1600,
1600,
1024,
1600,
1600,
1024,
1280,
1600,
1600,
1600,
1600,
2048,
640,
1600,
2048,
2560,
1280,
640,
3072,
3840,
2952,
3264,
320,
1024,
1024,
1024,
1280,
0,
1600,
1600,
1600,
1600,
1600,
2048,
2048,
1280,
1600,
1600,
1600,
2048,
1600,
2048,
1600,
2048,
512,
640,
2592,
1024,
2592,
640,
2592,
2592,
1024,
2592,
1024,
640,
640,
1024,
1024,
1600,
2048,
2048,
2048,
2592,
2048,
2592,
2048,
2048,
1600,
2592,
2048,
2592,
2048,
2592,
2592,
3200,
2592,
3264,
2048,
2048,
2048,
2592,
2048,
2048,
2048,
2592,
2592,
2592,
2592,
3200,
2592,
2048,
2592,
2048,
1600,
0,
2240,
0,
2000,
2896,
1840,
1840,
3216,
3216,
3184,
3216,
2256,
2896,
2256,
2240,
2240,
2896,
640,
1024,
1024,
640,
1024,
1024,
1024,
1024,
1024,
1024,
1280,
1280,
1600,
1600,
1600,
1600,
1600,
2048,
2048,
2048,
2272,
2288,
2288,
2048,
2288,
2560,
2592,
1280,
2592,
1600,
1600,
1600,
2048,
2048,
2048,
2592,
320,
512,
640,
640,
640,
1024,
1024,
640,
1600,
1600,
640,
640,
640,
640,
1024,
1600,
1600,
1600,
1024,
1600,
1600,
640,
640,
1600,
1600,
1600,
1280,
1792,
3200,
3200,
2560,
3200,
3200,
3200,
3200,
1600,
1600,
1600,
1600,
2048,
2048,
2048,
2048,
2048,
2048,
2048,
2048,
2048,
2048,
2048,
2048,
2048,
2048,
2048,
2048,
1600,
2048,
2592,
2592,
2592,
2592,
2560,
2560,
2560,
2288,
2560,
3264,
2048,
2048,
2560,
2560,
2560,
2560,
2560,
2560,
2560,
2560,
2560,
2560,
2560,
2560,
2560,
2560,
2560,
2048,
2048,
800,
2048,
2560,
1600,
2048,
3264,
2560,
1600,
2048,
2560,
2560,
1600,
2560,
2560,
2048,
2560,
2048,
1280,
1600,
2560,
1280,
2048,
1600,
2560,
1600,
2048,
3264,
2304,
2560,
2560,
2816,
2048,
1024,
1600,
1600,
1600,
1600,
1600,
1600,
2048,
1600,
2048,
2048,
2560,
3072,
3840,
1600,
2048,
2048,
2048,
2560,
2560,
2048,
2048,
2560,
640,
800,
800,
2400,
2400,
2400,
2400,
2400,
2400,
2400,
3008,
2400,
1024,
1600,
1024,
1600,
1024,
1600,
1600,
1600,
1120,
1120,
1600,
1600,
2048,
2048,
2048,
2272,
2592,
2592,
3072,
3072,
2272,
2272,
2592,
2592,
2560,
2560,
2592,
2592,
1600,
1024,
3072,
1600,
1600,
1600,
1600,
1600,
2304,
2304,
2048,
2304,
2304,
2560,
2560,
2592,
2048,
2048,
2592,
2592,
2592,
2560,
2560,
2560,
2304,
2560,
2048,
2592,
2592,
2048,
2048,
2048,
2048,
2048,
2048,
2592,
2592,
3264,
2048,
2048,
1280,
2592,
3264,
2592,
1280,
640,
896,
896,
800,
1024,
1024,
1024,
1120,
1280,
2272,
2272,
2272,
640,
1024,
1024,
1024,
1600,
1024,
1620,
1600,
1600,
2048,
2048,
1120,
3008,
2400,
2400,
2272,
2592,
2592,
2592,
2592,
2592,
2592,
2592,
2592,
2592,
2592,
2592,
3136,
3136,
2592,
2592,
2816,
2688,
2592,
2400,
3476,
3476,
2048,
2592,
3072,
2592,
2592,
2048,
2048,
1136,
2048,
2272,
2272,
2560,
2816,
2816,
1600,
1600,
1600,
1600,
1600,
640,
640,
640,
1776,
1134,
1776,
1134,
640,
1600,
1024,
1280,
1600,
1632,
1600,
2048,
640,
640,
1024,
1600,
640,
1600,
2048,
2048,
2592,
2048,
2048,
2048,
2048,
3264,
2592,
2592,
2592,
1280,
2048,
2048,
2592,
2592,
1600,
2048,
2048,
2592,
1280,
1024,
2592,
1600,
1024,
1280,
1632,
1600,
1600,
1024,
1280,
1632,
1600,
1600,
1632,
1600,
1632,
1600,
2048,
2048,
3264,
640,
2048,
1280,
2048,
2048,
2592,
1600,
2592,
1600,
2592,
1600,
2048,
2048,
2592,
2592,
2048,
2592,
3264,
2048,
2592,
2048,
2048,
2592,
2048,
2048,
640,
640,
640,
640,
640,
640,
2048,
2592,
2048,
2592,
3264,
2048,
2592,
2048,
2048,
2592,
2592,
2592,
2592,
2592,
3896,
3104,
1024,
1024,
320,
320,
320,
640,
640,
1280,
1024,
1024,
1280,
1280,
1600,
1024,
1024,
1024,
1200,
2048,
640,
640,
800,
896,
640,
800,
800,
896,
896,
1024,
1024,
1024,
1200,
800