38,
38,
45,
35,
43,
51,
34,
42,
50,
35,
39,
35,
39,
35,
33,
33,
35,
45,
41,
39,
39,
38,
38,
35,
28,
35,
35,
35,
35,
35,
35,
35,
28,
35,
35,
35,
35,
35,
35,
35,
35,
35,
35,
35,
38,
35,
38,
0,
0,
0,
0,
0,
0,
0,
0,
0,
0,
0,
0,
0,
0,
0,
0,
0,
0,
34,
34,
35,
35,
35,
35,
35,
28,
28,
37,
35,
35,
35,
38,
32,
35,
35,
36,
35,
35,
35,
36,
35,
36,
36,
35,
35,
36,
36,
28,
28,
28,
38,
35,
35,
35,
39,
35,
38,
35,
38,
35,
35,
35,
37,
37,
35,
35,
35,
35,
28,
35,
28,
37,
36,
36,
39,
38,
33,
33,
36,
35,
35,
38,
38,
38,
38,
38,
38,
35,
38,
38,
38,
35,
38,
37,
35,
35,
35,
35,
38,
35,
38,
35,
35,
38,
38,
38,
38,
38,
38,
38,
38,
35,
35,
36,
41,
41,
41,
40,
40,
41,
47,
33,
33,
34,
35,
36,
34,
38,
32,
38,
40,
38,
38,
39,
39,
39,
39,
39,
0,
35,
38,
35,
34,
34,
34,
43,
43,
36,
39,
35,
34,
34,
34,
34,
0,
36,
36,
35,
35,
38,
36,
38,
38,
38,
38,
38,
38,
36,
35,
36,
35,
36,
38,
36,
36,
38,
36,
36,
38,
38,
38,
38,
35,
35,
38,
38,
36,
39,
36,
39,
39,
39,
28,
28,
32,
32,
36,
36,
36,
36,
36,
38,
39,
36,
38,
36,
38,
38,
38,
35,
28,
35,
36,
35,
36,
35,
32,
32,
28,
38,
35,
38,
39,
37,
37,
38,
38,
28,
35,
35,
35,
27,
28,
28,
36,
36,
38,
36,
36,
0,
38,
38,
38,
38,
35,
35,
36,
35,
38,
35,
0,
0,
0,
0,
38,
36,
36,
38,
34,
34,
38,
37,
37,
37,
37,
39,
35,
43,
35,
38,
38,
34,
34,
35,
35,
36,
36,
36,
40,
40,
36,
38,
38,
36,
38,
38,
38,
35,
35,
35,
39,
39,
39,
39,
36,
36,
36,
39,
35,
39,
37,
37,
37,
35,
34,
34,
34,
36,
36,
37,
36,
36,
36,
34,
37,
35,
37,
37,
36,
38,
37,
36,
37,
37,
37,
37,
34,
34,
39,
39,
29,
29,
29,
39,
38,
38,
30,
38,
39,
38,
33,
28,
30,
0,
0,
0,
0,
0,
0,
0,
0,
0,
0,
0,
0,
0,
0,
30,
38,
35,
37,
35,
38,
38,
35,
36,
33,
38,
33,
38,
39,
36,
38,
35,
37,
36,
36,
36,
37,
37,
38,
38,
37,
36,
36,
24,
36,
36,
36,
39,
38,
23,
36,
35,
35,
38,
35,
38,
36,
33,
38,
38,
39,
36,
38,
38,
38,
35,
37,
37,
38,
35,
35,
35,
35,
35,
35,
35,
35,
28,
35,
33,
28,
0,
36,
38,
28,
28,
0,
35,
52,
38,
36,
36,
37,
45,
38,
38,
37,
35,
35,
38,
38,
38,
34,
36,
28,
38,
28,
34,
35,
38,
36,
35,
38,
38,
38,
38,
24,
35,
38,
35,
38,
38,
38,
38,
38,
38,
38,
37,
37,
35,
38,
35,
38,
38,
38,
38,
38,
35,
35,
36,
36,
28,
36,
35,
35,
38,
35,
38,
35,
38,
35,
38,
35,
38,
38,
35,
38,
35,
35,
38,
37,
0,
0,
0,
0,
0,
0,
0,
0,
0,
0,
0,
0,
0,
0,
0,
0,
0,
35,
35,
35,
38,
36,
35,
35,
35,
40,
38,
38,
36,
32,
36,
32,
32,
35,
32,
35,
35,
38,
35,
27,
38,
38,
38,
38,
38,
27,
40,
38,
38,
38,
38,
38,
28,
36,
36,
36,
36,
36,
35,
33,
35,
37,
36,
35,
35,
35,
50,
35,
38,
38,
38,
35,
35,
38,
36,
36,
35,
0,
35,
38,
35,
0,
0,
0,
0,
0,
0,
0,
35,
35,
38,
38,
38,
38,
32,
38,
38,
38,
28,
38,
38,
38,
38,
38,
36,
28,
35,
38,
35,
35,
38,
38,
38,
38,
38,
28,
27,
38,
35,
35,
35,
35,
35,
37,
37,
38,
38,
36,
36,
37,
38,
36,
38,
38,
35,
36,
36,
35,
35,
35,
28,
28,
35,
35,
28,
35,
35,
35,
28,
28,
35,
28,
28,
35,
35,
35,
35,
35,
28,
35,
36,
35,
35,
35,
36,
35,
36,
36,
0,
0,
28,
35,
35,
33,
35,
33,
35,
35,
35,
35,
35,
35,
35,
28,
28,
37,
37,
37,
37,
37,
37,
35,
28,
28,
42,
34,
34,
0,
0,
0,
0,
0,
0,
0,
0,
0,
38,
38,
37,
38,
37,
38,
38,
37,
37,
37,
37,
37,
32,
37,
37,
36,
37,
38,
38,
38,
34,
34,
36,
37,
35,
38,
38,
36,
37,
35,
38,
38,
35,
35,
35,
35,
35,
35,
36,
35,
35,
37,
35,
37,
36,
36,
37,
37,
38,
38,
38,
38,
38,
38,
36,
38,
28,
28,
28,
28,
28,
28,
28,
28,
28,
28,
32,
36,
35,
28,
24,
28,
38,
35,
38,
38,
40,
35,
35,
35,
35,
28,
35,
31,
28,
43,
35,
33,
35,
35,
34,
35,
35,
34,
35,
38,
38,
0,
0,
0,
39,
39,
38,
38,
36,
38,
35,
35,
38,
28,
38,
38,
35,
35,
34,
34,
38,
38,
34,
28,
35,
38,
35,
35,
35,
38,
38,
35,
35,
35,
35,
38,
35,
38,
38,
38,
35,
37,
36,
37,
37,
35,
38,
34,
28,
0,
0,
0,
37,
37,
39,
41,
34,
41,
34,
34,
28,
28,
38,
38,
37,
37,
38,
38,
28,
38,
38,
36,
36,
38,
36,
31,
31,
32,
38,
38,
38,
38,
39,
38,
38,
38,
39,
42,
38,
36,
41,
33,
33,
33,
39,
41,
41,
41,
39,
39,
39,
39,
39,
39,
38,
38,
24,
39,
32,
39,
39,
31,
35,
34,
35,
34,
37,
34,
39,
38,
38,
35,
38,
38,
35,
38,
38,
38,
38,
38,
38,
38,
33,
33,
33,
33,
33,
33,
34,
34,
38,
38,
35,
38,
38,
38,
38,
38,
38,
38,
35,
35,
0,
0,
37,
37,
40,
40,
40,
37,
37,
37,
39,
34,
34,
41,
37,
39,
35,
35,
35,
35,
35,
52,
39,
38,
38,
40,
40,
38,
38,
38,
35,
35,
35,
38