114,
114,
45,
35,
43,
51,
102,
42,
50,
105,
39,
105,
39,
105,
33,
33,
105,
100,
131,
125,
156,
122,
152,
35,
70,
140,
140,
140,
140,
140,
140,
140,
70,
105,
140,
140,
140,
140,
210,
105,
210,
210,
210,
105,
114,
105,
114,
0,
0,
0,
0,
0,
0,
0,
0,
0,
0,
0,
0,
0,
0,
0,
0,
0,
0,
102,
102,
140,
140,
140,
210,
210,
200,
70,
370,
70,
70,
70,
380,
64,
70,
70,
432,
105,
105,
105,
432,
105,
108,
108,
105,
105,
108,
432,
100,
100,
100,
38,
70,
105,
70,
39,
105,
90,
105,
90,
105,
105,
105,
111,
111,
105,
105,
140,
105,
105,
140,
105,
111,
133,
360,
390,
190,
132,
132,
102,
35,
35,
114,
114,
114,
114,
266,
266,
114,
114,
114,
114,
114,
114,
111,
105,
105,
105,
105,
114,
105,
114,
105,
105,
114,
114,
114,
114,
114,
114,
114,
114,
35,
35,
108,
41,
123,
123,
320,
320,
41,
106,
100,
100,
102,
35,
36,
102,
38,
64,
38,
320,
113,
113,
117,
117,
117,
117,
117,
0,
105,
38,
105,
102,
102,
102,
43,
43,
36,
39,
35,
102,
102,
102,
102,
0,
36,
36,
105,
105,
38,
36,
114,
114,
114,
228,
38,
228,
108,
210,
108,
210,
36,
38,
36,
36,
114,
108,
108,
114,
114,
114,
114,
105,
105,
114,
114,
108,
117,
108,
156,
156,
156,
91,
91,
130,
128,
108,
108,
108,
108,
108,
114,
39,
108,
114,
108,
130,
130,
130,
105,
112,
105,
108,
105,
180,
105,
130,
130,
300,
76,
210,
228,
234,
370,
370,
380,
380,
300,
210,
210,
210,
486,
300,
300,
130,
108,
114,
108,
108,
0,
38,
114,
38,
114,
35,
105,
108,
35,
115,
35,
0,
0,
0,
0,
38,
36,
102,
114,
102,
102,
114,
111,
300,
111,
300,
39,
35,
43,
35,
38,
115,
108,
108,
35,
35,
36,
36,
36,
111,
111,
108,
114,
114,
108,
114,
114,
114,
210,
105,
105,
117,
117,
118,
118,
108,
180,
180,
118,
105,
118,
86,
86,
37,
35,
102,
102,
102,
108,
108,
111,
108,
108,
108,
102,
111,
105,
185,
37,
108,
76,
37,
108,
111,
78,
37,
111,
102,
102,
39,
39,
58,
58,
58,
117,
115,
115,
60,
115,
39,
76,
33,
84,
60,
0,
0,
0,
0,
0,
0,
0,
0,
0,
0,
0,
0,
0,
0,
60,
38,
70,
37,
70,
114,
114,
70,
144,
132,
380,
132,
380,
117,
100,
38,
105,
111,
100,
108,
108,
111,
111,
114,
114,
37,
432,
432,
140,
108,
108,
108,
117,
380,
117,
108,
175,
420,
380,
175,
380,
423,
132,
380,
380,
117,
180,
76,
115,
115,
105,
370,
370,
76,
105,
105,
105,
105,
105,
105,
115,
115,
102,
35,
100,
90,
0,
108,
114,
112,
112,
0,
420,
52,
114,
108,
108,
111,
45,
115,
115,
111,
105,
105,
114,
114,
155,
102,
300,
85,
114,
116,
102,
280,
114,
36,
35,
114,
115,
114,
76,
85,
280,
95,
350,
114,
115,
115,
115,
115,
152,
190,
112,
112,
105,
114,
105,
116,
116,
114,
190,
116,
126,
126,
126,
126,
102,
126,
123,
105,
380,
105,
114,
105,
380,
105,
114,
105,
114,
114,
105,
114,
105,
105,
114,
111,
0,
0,
0,
0,
0,
0,
0,
0,
0,
0,
0,
0,
0,
0,
0,
0,
0,
35,
35,
35,
114,
36,
105,
105,
105,
120,
38,
380,
110,
96,
100,
96,
96,
105,
96,
105,
98,
114,
105,
110,
114,
190,
114,
190,
380,
110,
320,
380,
380,
380,
380,
380,
140,
36,
36,
36,
36,
36,
35,
33,
105,
37,
35,
105,
105,
105,
150,
105,
114,
114,
114,
105,
105,
114,
110,
110,
105,
0,
140,
380,
140,
0,
0,
0,
0,
0,
0,
0,
106,
106,
106,
114,
114,
114,
96,
114,
114,
114,
140,
114,
114,
190,
105,
114,
108,
112,
105,
114,
105,
105,
114,
114,
114,
380,
380,
504,
486,
114,
105,
105,
105,
105,
105,
111,
111,
114,
114,
180,
180,
111,
114,
180,
114,
114,
105,
180,
180,
70,
70,
70,
102,
102,
105,
105,
100,
105,
105,
105,
100,
100,
105,
102,
100,
105,
105,
105,
420,
420,
504,
420,
432,
420,
420,
420,
432,
420,
432,
432,
0,
0,
90,
105,
105,
100,
105,
100,
105,
105,
105,
105,
105,
105,
105,
112,
112,
222,
222,
222,
222,
222,
222,
350,
280,
280,
42,
108,
108,
0,
0,
0,
0,
0,
0,
0,
0,
0,
114,
114,
111,
114,
111,
114,
114,
104,
111,
111,
104,
187,
96,
187,
187,
108,
187,
114,
114,
114,
102,
102,
108,
112,
105,
114,
114,
108,
370,
105,
114,
114,
105,
105,
107,
105,
107,
107,
107,
107,
107,
112,
106,
112,
180,
180,
112,
112,
112,
114,
114,
114,
114,
114,
107,
266,
85,
135,
135,
200,
160,
200,
160,
200,
200,
200,
96,
108,
105,
28,
72,
85,
114,
105,
86,
114,
40,
105,
105,
105,
105,
100,
105,
31,
135,
43,
47,
100,
76,
33,
102,
114,
33,
102,
114,
114,
114,
0,
0,
0,
117,
117,
114,
114,
108,
114,
105,
105,
114,
101,
266,
114,
105,
190,
102,
102,
114,
270,
102,
420,
105,
190,
105,
105,
105,
190,
190,
114,
105,
35,
113,
114,
113,
114,
114,
114,
98,
104,
108,
112,
105,
98,
38,
102,
28,
0,
0,
0,
518,
370,
117,
123,
102,
123,
102,
102,
140,
140,
190,
190,
37,
37,
190,
190,
200,
114,
114,
432,
432,
380,
432,
465,
465,
96,
114,
114,
114,
114,
117,
114,
114,
114,
117,
42,
114,
36,
123,
33,
33,
33,
117,
123,
82,
82,
117,
117,
117,
117,
117,
117,
114,
114,
120,
117,
96,
117,
117,
93,
105,
102,
105,
102,
222,
102,
117,
114,
114,
175,
114,
114,
175,
114,
114,
114,
114,
114,
114,
114,
33,
33,
33,
33,
33,
33,
136,
136,
114,
114,
105,
114,
114,
114,
114,
114,
114,
114,
105,
105,
0,
0,
111,
111,
400,
400,
400,
111,
111,
111,
117,
270,
270,
328,
370,
390,
105,
100,
100,
105,
35,
52,
39,
114,
115,
40,
120,
86,
114,
114,
105,
98,
98,
38